[SETTINGS]
URL=http://www.bsms.bg/api/api_single.php
UserName=eltrade
Password=gdelchev
[TMainForm]
FormVersion=0
Flags=0
ShowCmd=1
PixelsPerInch=96
MinMaxPos(1024x768)=-1,-1,-1,-1
MinMaxPos=-1,-1,-1,-1
NormPos(1024x768)=413,225,729,577
NormPos=413,225,729,577
Visible=0
MinMaxPos(1600x900)=-1,-1,-1,-1
NormPos(1600x900)=413,225,729,577
MinMaxPos(1366x768)=-1,-1,-1,-1
NormPos(1366x768)=413,225,729,577
